y = a sin(2 pi (x + b) / N)
a = 93.96014509501912
b = 0.931847835273923
N = 16384
