y = a sin(2 pi (x + b) / N)
a = 48.834167752590155
b = 0.15134188384136146
N = 16384
