y = a sin(2 pi (x + b) / N)
a = 228.48097057958938
b = 0.871192003822677
N = 16384
