y = a sin(2 pi (x + b) / N)
a = 140.36901715476228
b = 0.24029091388522292
N = 16384
