y = a sin(2 pi (x + b) / N)
a = 320.7656533439815
b = 0.7766445469966798
N = 16384
