y = a sin(2 pi (x + b) / N)
a = 181.9433952551465
b = 0.30301242347169033
N = 16384
