y = a sin(2 pi (x + b) / N)
a = 177.46304651831804
b = 0.3213101468064621
N = 16384
