y = a sin(2 pi (x + b) / N)
a = 322.6017702194278
b = 0.7710759974173695
N = 16384
