y = a sin(2 pi (x + b) / N)
a = 88.98432761578741
b = 0.9320436528481959
N = 16384
