y = a sin(2 pi (x + b) / N)
a = 49.65984756858747
b = 0.1368749020915566
N = 16384
