y = a sin(2 pi (x + b) / N)
a = 396.82771074344254
b = 0.7485068755100305
N = 16384
