y = a sin(2 pi (x + b) / N)
a = 200.06338003873074
b = 0.3338094405920625
N = 16384
