y = a sin(2 pi (x + b) / N)
a = 175.7488977565615
b = 0.3179157360755811
N = 16384
