y = a sin(2 pi (x + b) / N)
a = 304.48232425622183
b = 0.7871734072274474
N = 16384
