y = a sin(2 pi (x + b) / N)
a = 35.18498036329246
b = 0.08906493608616317
N = 16384
