y = a sin(2 pi (x + b) / N)
a = 66.51618734467077
b = 0.9797213029262716
N = 16384
