y = a sin(2 pi (x + b) / N)
a = 89.9976849087662
b = 0.21009143192903632
N = 16384
