y = a sin(2 pi (x + b) / N)
a = 134.923274015903
b = 0.8717195197319605
N = 16384
