y = a sin(2 pi (x + b) / N)
a = 94.33316642542873
b = 0.21817810741678367
N = 16384
