y = a sin(2 pi (x + b) / N)
a = 196.32743977216478
b = 0.8585063325102875
N = 16384
