y = a sin(2 pi (x + b) / N)
a = 161.30955233071757
b = 0.7672220888307792
N = 16384
