y = a sin(2 pi (x + b) / N)
a = 80.15665223932199
b = 0.8929872720547256
N = 16384
