y = a sin(2 pi (x + b) / N)
a = 409.72390527074094
b = 0.7836951217555059
N = 16384
