y = a sin(2 pi (x + b) / N)
a = 180.0977836828991
b = 0.3278987960529171
N = 16384
