y = a sin(2 pi (x + b) / N)
a = 58.991233040595176
b = 0.02603938980683285
N = 16384
