y = a sin(2 pi (x + b) / N)
a = 34.45105673641732
b = 0.10894159703043461
N = 16384
