y = a sin(2 pi (x + b) / N)
a = 389.22860248600983
b = 0.7876629239487359
N = 16384
