y = a sin(2 pi (x + b) / N)
a = 194.34778711479652
b = 0.30568302173778494
N = 16384
