y = a sin(2 pi (x + b) / N)
a = 232.2708407795946
b = 0.8288935986253355
N = 16384
