y = a sin(2 pi (x + b) / N)
a = 164.2199091941476
b = 0.2607060846295525
N = 16384
