y = a sin(2 pi (x + b) / N)
a = 392.421114624603
b = 0.40141448496503374
N = 16384
