y = a sin(2 pi (x + b) / N)
a = 700.2065066459643
b = 0.7010922035636972
N = 16384
