y = a sin(2 pi (x + b) / N)
a = 29.813930061886012
b = 0.2746531565581225
N = 16384
