y = a sin(2 pi (x + b) / N)
a = 99.91242396257262
b = 0.8180467205961336
N = 16384
