y = a sin(2 pi (x + b) / N)
a = 243.34817049452855
b = 0.8157992611030875
N = 16384
