y = a sin(2 pi (x + b) / N)
a = 142.58493837441458
b = 0.2763562254662572
N = 16384
