y = a sin(2 pi (x + b) / N)
a = 184.79217996565586
b = 0.32004037034910143
N = 16384
