y = a sin(2 pi (x + b) / N)
a = 376.2801092588152
b = 0.7992010012980393
N = 16384
