y = a sin(2 pi (x + b) / N)
a = 466.3524895645604
b = 0.3866297615357424
N = 16384
