y = a sin(2 pi (x + b) / N)
a = 777.1577625670787
b = 0.6871179614845279
N = 16384
