y = a sin(2 pi (x + b) / N)
a = 90.82782761494813
b = 0.867421639252713
N = 16384
