y = a sin(2 pi (x + b) / N)
a = 28.39884864964935
b = 0.04515521862260973
N = 16384
